      dNch/deta       Tch[MeV]     dVdy[fm^3]       Vc[fm^3]         gammaS             Pi              K              P
              3       0.173144            7.2          11.52       0.762394        1.36259       0.151943      0.0517748
        3.20365       0.172973        7.68877         12.302       0.763213        1.47253        0.16802       0.058646
        3.42113       0.172802        8.21072        13.1371       0.764084        1.58962       0.185419       0.066235
        3.65337       0.172631         8.7681         14.029       0.765011        1.71415       0.204176      0.0745764
        3.90138       0.172461        9.36332        14.9813       0.765997        1.84647       0.224327      0.0837006
        4.16623        0.17229        9.99894        15.9983       0.767045        1.98694       0.245903      0.0936337
        4.44905       0.172119        10.6777        17.0844       0.768159        2.13596       0.268937       0.104397
        4.75107       0.171948        11.4026        18.2441       0.769342        2.29397       0.293465       0.116008
         5.0736       0.171777        12.1766        19.4826         0.7706        2.46143       0.319529       0.128482
        5.41802       0.171607        13.0032        20.8052       0.771935        2.63888       0.347182       0.141828
        5.78582       0.171436         13.886        22.2175       0.773352        2.82686       0.376485       0.156059
        6.17858       0.171265        14.8286        23.7258       0.774856        3.02598       0.407515       0.171185
        6.59801       0.171094        15.8352        25.3364       0.776451        3.23688       0.440366       0.187219
        7.04592       0.170924        16.9102        27.0563       0.778142        3.46028       0.475146       0.204177
        7.52423       0.170753        18.0581         28.893       0.779933        3.69692       0.511983       0.222082
        8.03501       0.170582         19.284        30.8544        0.78183        3.94762        0.55102       0.240959
        8.58046       0.170411        20.5931         32.949       0.783838        4.21326       0.592419       0.260845
        9.16294       0.170241        21.9911        35.1857       0.785961        4.49477       0.636355       0.281782
        9.78496        0.17007        23.4839        37.5743       0.788206        4.79315       0.683022       0.303819
        10.4492       0.169899        25.0781         40.125       0.790577        5.10948       0.732628       0.327017
        11.1586       0.169728        26.7805        42.8488        0.79308        5.44491       0.785397        0.35144
         11.916       0.169557        28.5985        45.7576        0.79572        5.80064       0.841569       0.377163
         12.725       0.169387        30.5399        48.8639       0.798501        6.17798       0.901399       0.404267
        13.5888       0.169216        32.6131         52.181        0.80143        6.57831        0.96516       0.432839
        14.5113       0.169045         34.827        55.7232        0.80451        7.00307        1.03314       0.462972
        15.4964       0.168874        37.1912         59.506       0.807747        7.45384        1.10566       0.494766
        16.5483       0.168704         39.716        63.5455       0.811145        7.93225        1.18305       0.528325
        17.6717       0.168533        42.4121        67.8593       0.814707        8.44004        1.26566       0.563759
        18.8713       0.168362        45.2912        72.4659       0.818436        8.97909        1.35387       0.601185
        20.1524       0.168191        48.3658        77.3852       0.822336        9.55135         1.4481       0.640723
        21.5204       0.168021        51.6491        82.6385       0.826408        10.1589        1.54876       0.682501
        22.9813        0.16785        55.1552        88.2484       0.830654         10.804        1.65635       0.726653
        24.5414       0.167679        58.8994        94.2391       0.835073        11.4889        1.77133       0.773321
        26.2074       0.167508        62.8978        100.636       0.839665        12.2163        1.89426       0.822652
        27.9865       0.167338        67.1676        107.468       0.844427        12.9886        2.02568       0.874804
        29.8863       0.167167        71.7272        114.764       0.849357        13.8087        2.16621        0.92994
        31.9152       0.166996        76.5964        122.554       0.854449        14.6797        2.31647       0.988235
        34.0817       0.166825        81.7961        130.874       0.859697        15.6046        2.47715        1.04987
        36.3953       0.166654        87.3488        139.758       0.865092        16.5868        2.64896        1.11505
         38.866       0.166484        93.2785        149.246       0.870625        17.6299        2.83266        1.18396
        41.5044       0.166313        99.6106        159.377       0.876283        18.7375        3.02904        1.25683
        44.3219       0.166142        106.373        170.196       0.882052        19.9137        3.23894        1.33388
        47.3307       0.165971        113.594         181.75       0.887916        21.1627        3.46325        1.41535
        50.5438       0.165801        121.305        194.088       0.893857        22.4888        3.70287         1.5015
        53.9749        0.16563         129.54        207.264       0.899854        23.8969        3.95878        1.59259
         57.639       0.165459        138.334        221.334       0.905884        25.3918        4.23197         1.6889
        61.5518       0.165288        147.724        236.359       0.911923        26.9788        4.52348        1.79073
        65.7302       0.165118        157.752        252.404       0.917945        28.6635        4.83438         1.8984
        70.1922       0.164947        168.461        269.538       0.923922        30.4515        5.16579        2.01223
        74.9572       0.164776        179.897        287.836       0.929824        32.3492        5.51884        2.13258
        80.0457       0.164605         192.11        307.375       0.935623        34.3629        5.89473        2.25981
        85.4795       0.164434        205.151        328.241       0.941287        36.4996        6.29466         2.3943
        91.2823       0.164264        219.077        350.524       0.946787        38.7664        6.71987        2.53647
        97.4789       0.164093        233.949        374.319       0.952092        41.1711        7.17167        2.68675
        104.096       0.163922        249.831         399.73       0.957175        43.7215        7.65135        2.84559
        111.163       0.163751        266.791        426.865       0.962009        46.4263         8.1603        3.01348
        118.709       0.163581        284.902        455.843        0.96657        49.2944        8.69994        3.19092
        126.768        0.16341        304.242        486.787       0.970838        52.3354        9.27174        3.37845
        135.373       0.163239        324.895        519.833       0.974796        55.5593        9.87725        3.57663
        144.563       0.163068        346.951        555.121       0.978431        58.9768        10.5181        3.78606
        154.376       0.162898        370.504        592.806       0.981736        62.5991        11.1961        4.00737
        164.856       0.162727        395.655        633.048       0.984709        66.4385         11.913        4.24123
        176.047       0.162556        422.514        676.022       0.987351        70.5075        12.6709        4.48835
        187.998       0.162385        451.196        721.914        0.98967        74.8199        13.4719        4.74947
        200.761       0.162215        481.825        770.921       0.991679        79.3901        14.3183        5.02538
        214.389       0.162044        514.534        823.254       0.993396        84.2335        15.2128        5.31692
        228.943       0.161873        549.463        879.141       0.994839        89.3665         16.158        5.62498
        244.485       0.161702        586.763        938.821       0.996034        94.8065        17.1571        5.95049
        261.081       0.161531        626.595        1002.55       0.997007        100.572        18.2132        6.29444
        278.805       0.161361        669.131        1070.61       0.997783        106.684        19.3299        6.65787
        297.731        0.16119        714.555        1143.29       0.998392        113.161         20.511         7.0419
        317.943       0.161019        763.062         1220.9       0.998858        120.028        21.7606        7.44769
        339.526       0.160848        814.862        1303.78       0.999208        127.307         23.083        7.87648
        362.575       0.160678        870.179        1392.29       0.999464        135.024        24.4829        8.32957
        387.188       0.160507        929.251         1486.8       0.999647        143.205        25.9653        8.80834
        413.472       0.160336        992.333        1587.73       0.999774        151.879        27.5353        9.31424
         441.54       0.160165         1059.7        1695.51       0.999859        161.076        29.1985        9.84882
        471.514       0.159995        1131.63        1810.61       0.999915        170.827        30.9607        10.4137
        503.523       0.159824        1208.45        1933.53       0.999951        181.166        32.8279        11.0105
        537.704       0.159653        1290.49        2064.78       0.999972        192.128        34.8068        11.6412
        574.206       0.159482        1378.09        2204.95       0.999985        203.751        36.9041        12.3075
        613.186       0.159311        1471.65        2354.63       0.999992        216.076        39.1269        13.0116
        654.812       0.159141        1571.55        2514.48       0.999996        229.143        41.4829        13.7555
        699.263        0.15897        1678.23        2685.17       0.999998        242.999          43.98        14.5415
        746.732       0.158799        1792.16        2867.45       0.999999        257.691        46.6268        15.3719
        797.424       0.158628        1913.82        3062.11              1        273.268        49.4322        16.2493
        851.557       0.158458        2043.74        3269.98              1        289.786        52.4057        17.1763
        909.365       0.158287        2182.47        3491.96              1        307.299        55.5574        18.1557
        971.096       0.158116        2330.63        3729.01              1        325.869        58.8979        19.1904
        1037.02       0.157945        2488.85        3982.15              1         345.56        62.4384        20.2835
        1107.42       0.157775         2657.8        4252.48              1        366.438         66.191        21.4384
        1182.59       0.157604        2838.22        4541.16              1        388.576        70.1683        22.6584
        1262.87       0.157433         3030.9        4849.43              1        412.049        74.3838        23.9474
         1348.6       0.157262        3236.65        5178.63              1        436.938        78.8515         25.309
        1440.15       0.157091        3456.36        5530.18              1        463.329        83.5866        26.7476
        1537.92       0.156921           3691         5905.6              1        491.313        88.6051        28.2672
        1642.32        0.15675        3941.56         6306.5              1        520.984        93.9238        29.8726
        1753.81       0.156579        4209.13        6734.61              1        552.446        99.5607        31.5685
        1872.86       0.156408        4494.87        7191.79              1        585.805        105.535        33.3599
           2000       0.156238           4800           7680              1        621.177        111.866        35.2523
