      dNch/deta       Tch[MeV]     dVdy[fm^3]       Vc[fm^3]         gammaS             Pi              K              P
              3       0.173144            7.2           21.6       0.762394        1.57051       0.208001      0.0915929
        3.20365       0.172973        7.68877        23.0663       0.763213        1.68043       0.224718       0.100218
        3.42113       0.172802        8.21072        24.6322       0.764084         1.7968       0.242384       0.109341
        3.65337       0.172631         8.7681        26.3043       0.765011        1.92002       0.261055       0.118973
        3.90138       0.172461        9.36332          28.09       0.765997        2.05051       0.280799       0.129129
        4.16623        0.17229        9.99894        29.9968       0.767045        2.18872       0.301687       0.139826
        4.44905       0.172119        10.6777        32.0332       0.768159        2.33512       0.323802       0.151089
        4.75107       0.171948        11.4026        34.2077       0.769342        2.49023       0.347233       0.162944
         5.0736       0.171777        12.1766        36.5299         0.7706        2.65461       0.372075       0.175423
        5.41802       0.171607        13.0032        39.0097       0.771935        2.82883       0.398434       0.188561
        5.78582       0.171436         13.886        41.6579       0.773352        3.01352       0.426418       0.202398
        6.17858       0.171265        14.8286        44.4858       0.774856        3.20934       0.456146       0.216978
        6.59801       0.171094        15.8352        47.5057       0.776451        3.41701       0.487744       0.232347
        7.04592       0.170924        16.9102        50.7306       0.778142        3.63727       0.521346       0.248557
        7.52423       0.170753        18.0581        54.1744       0.779933        3.87091       0.557094       0.265661
        8.03501       0.170582         19.284         57.852        0.78183        4.11877        0.59514       0.283715
        8.58046       0.170411        20.5931        61.7793       0.783838        4.38175       0.635648       0.302778
        9.16294       0.170241        21.9911        65.9732       0.785961        4.66081       0.678791       0.322913
        9.78496        0.17007        23.4839        70.4517       0.788206        4.95693       0.724757       0.344185
        10.4492       0.169899        25.0781        75.2343       0.790577         5.2712       0.773746       0.366664
        11.1586       0.169728        26.7805        80.3416        0.79308        5.60475       0.825972       0.390422
         11.916       0.169557        28.5985        85.7955        0.79572        5.95879       0.881666       0.415534
         12.725       0.169387        30.5399        91.6197       0.798501         6.3346       0.941074       0.442082
        13.5888       0.169216        32.6131        97.8393        0.80143        6.73353        1.00446        0.47015
        14.5113       0.169045         34.827        104.481        0.80451        7.15703        1.07212       0.499827
        15.4964       0.168874        37.1912        111.574       0.807747        7.60665        1.14434       0.531208
        16.5483       0.168704         39.716        119.148       0.811145          8.084        1.22147       0.564391
        17.6717       0.168533        42.4121        127.236       0.814707        8.59084        1.30384       0.599483
        18.8713       0.168362        45.2912        135.874       0.818436          9.129        1.39184       0.636595
        20.1524       0.168191        48.3658        145.097       0.822336        9.70043        1.48588       0.675843
        21.5204       0.168021        51.6491        154.947       0.826408        10.3072        1.58638       0.717352
        22.9813        0.16785        55.1552        165.466       0.830654        10.9516         1.6938       0.761252
        24.5414       0.167679        58.8994        176.698       0.835073        11.6359        1.80866       0.807684
        26.2074       0.167508        62.8978        188.693       0.839665        12.3626        1.93146       0.856792
        27.9865       0.167338        67.1676        201.503       0.844427        13.1343        2.06277       0.908731
        29.8863       0.167167        71.7272        215.182       0.849357        13.9539         2.2032       0.963666
        31.9152       0.166996        76.5964        229.789       0.854449        14.8243        2.35337        1.02177
        34.0817       0.166825        81.7961        245.388       0.859697        15.7487        2.51397        1.08322
        36.3953       0.166654        87.3488        262.046       0.865092        16.7304        2.68571        1.14822
         38.866       0.166484        93.2785        279.835       0.870625         17.773        2.86935        1.21696
        41.5044       0.166313        99.6106        298.832       0.876283        18.8802        3.06567        1.28966
        44.3219       0.166142        106.373        319.118       0.882052         20.056        3.27553        1.36655
        47.3307       0.165971        113.594        340.781       0.887916        21.3045        3.49979        1.44787
        50.5438       0.165801        121.305        363.915       0.893857        22.6303        3.73938        1.53387
        53.9749        0.16563         129.54        388.619       0.899854         24.038        3.99526        1.62481
         57.639       0.165459        138.334        415.001       0.905884        25.5325        4.26842        1.72098
        61.5518       0.165288        147.724        443.173       0.911923        27.1192        4.55991        1.82268
        65.7302       0.165118        157.752        473.257       0.917945        28.8035        4.87079        1.93022
        70.1922       0.164947        168.461        505.384       0.923922        30.5912        5.20218        2.04392
        74.9572       0.164776        179.897        539.692       0.929824        32.4885        5.55523        2.16414
        80.0457       0.164605         192.11        576.329       0.935623        34.5019        5.93111        2.29125
        85.4795       0.164434        205.151        615.453       0.941287        36.6383        6.33103        2.42563
        91.2823       0.164264        219.077        657.232       0.946787        38.9048        6.75624        2.56769
        97.4789       0.164093        233.949        701.848       0.952092        41.3091        7.20803        2.71786
        104.096       0.163922        249.831        749.493       0.957175        43.8593        7.68771         2.8766
        111.163       0.163751        266.791        800.372       0.962009        46.5638        8.19666        3.04439
        118.709       0.163581        284.902        854.705        0.96657        49.4316         8.7363        3.22173
        126.768        0.16341        304.242        912.726       0.970838        52.4724         9.3081        3.40917
        135.373       0.163239        324.895        974.686       0.974796         55.696        9.91361        3.60727
        144.563       0.163068        346.951        1040.85       0.978431        59.1133        10.5545        3.81662
        154.376       0.162898        370.504        1111.51       0.981736        62.7356        11.2325        4.03786
        164.856       0.162727        395.655        1186.97       0.984709        66.5748        11.9494        4.27166
        176.047       0.162556        422.514        1267.54       0.987351        70.6439        12.7073        4.51873
        187.998       0.162385        451.196        1353.59        0.98967        74.9563        13.5083         4.7798
        200.761       0.162215        481.825        1445.48       0.991679        79.5266        14.3547        5.05567
        214.389       0.162044        514.534         1543.6       0.993396        84.3702        15.2492        5.34718
        228.943       0.161873        549.463        1648.39       0.994839        89.5034        16.1945        5.65521
        244.485       0.161702        586.763        1760.29       0.996034        94.9436        17.1935        5.98068
        261.081       0.161531        626.595        1879.79       0.997007        100.709        18.2496         6.3246
        278.805       0.161361        669.131        2007.39       0.997783        106.821        19.3663        6.68799
        297.731        0.16119        714.555        2143.66       0.998392        113.298        20.5474        7.07198
        317.943       0.161019        763.062        2289.19       0.998858        120.164         21.797        7.47772
        339.526       0.160848        814.862        2444.59       0.999208        127.443        23.1194        7.90644
        362.575       0.160678        870.179        2610.54       0.999464        135.159        24.5194        8.35946
        387.188       0.160507        929.251        2787.75       0.999647        143.339        26.0017        8.83814
        413.472       0.160336        992.333           2977       0.999774        152.012        27.5717        9.34394
         441.54       0.160165         1059.7        3179.09       0.999859        161.207        29.2349         9.8784
        471.514       0.159995        1131.63         3394.9       0.999915        170.956        30.9971        10.4431
        503.523       0.159824        1208.45        3625.36       0.999951        181.293        32.8644        11.0399
        537.704       0.159653        1290.49        3871.47       0.999972        192.253        34.8433        11.6704
        574.206       0.159482        1378.09        4134.28       0.999985        203.875        36.9405        12.3367
        613.186       0.159311        1471.65        4414.94       0.999992        216.198        39.1633        13.0406
        654.812       0.159141        1571.55        4714.64       0.999996        229.265        41.5192        13.7845
        699.263        0.15897        1678.23         5034.7       0.999998         243.12        44.0162        14.5704
        746.732       0.158799        1792.16        5376.47       0.999999        257.812        46.6629        15.4009
        797.424       0.158628        1913.82        5741.45              1        273.391        49.4681        16.2783
        851.557       0.158458        2043.74        6131.21              1        289.909        52.4414        17.2054
        909.365       0.158287        2182.47        6547.42              1        307.425        55.5929        18.1848
        971.096       0.158116        2330.63        6991.89              1        325.998        58.9331        19.2197
        1037.02       0.157945        2488.85        7466.54              1        345.692        62.4734         20.313
        1107.42       0.157775         2657.8         7973.4              1        366.574        66.2257        21.4682
        1182.59       0.157604        2838.22        8514.67              1        388.716        70.2028        22.6885
        1262.87       0.157433         3030.9        9092.69              1        412.194         74.418        23.9777
         1348.6       0.157262        3236.65        9709.94              1        437.089        78.8857        25.3397
        1440.15       0.157091        3456.36        10369.1              1        463.485        83.6208        26.7784
        1537.92       0.156921           3691          11073              1        491.473        88.6395        28.2983
        1642.32        0.15675        3941.56        11824.7              1        521.149        93.9586        29.9038
        1753.81       0.156579        4209.13        12627.4              1        552.614        99.5961        31.5998
        1872.86       0.156408        4494.87        13484.6              1        585.977        105.571        33.3912
           2000       0.156238           4800          14400              1        621.351        111.903        35.2834
